81 24 35 75 73 90 62 55 12 54 62 30 30 68 16 35 14 97 51 76 27 48 43 15 17 56 90 2 87 20 97 36
63 73 17 41 36 39 32 4 4 91 92 26 86 31 96 2 97 18 88 27 14 49 55 18 78 78 76 60 40 52 20 78
5 68 15 15 97 51 92 30 57 36 70 33 38 99 8 37 9 93 83 11 59 10 54 50 14 49 50 46 32 38 99 32
44 54 27 31 23 78 66 50 26 57 18 27 13 84 88 96 73 71 14 76 41 86 74 68 17 91 75 2 20 66 94 9
28 50 84 87 71 73 62 28 5 63 33 20 27 87 52 86 58 11 30 41 96 89 64 12 82 70 38 13 51 54 45 47
8 88 82 52 93 47 40 16 94 45 39 63 61 39 64 5 35 18 43 28 86 28 24 81 50 97 69 95 62 12 76 100
13 45 49 34 92 5 5 21 2 68 93 9 11 33 8 31 53 6 66 59 28 74 35 21 96 29 87 4 17 15 59 9
10 8 13 40 32 49 79 100 45 10 85 46 68 55 80 65 100 37 5 63 1 91 59 70 9 65 52 95 67 63 82 2
8 77 34 52 3 73 100 66 78 29 37 34 81 56 24 31 71 83 74 72 67 40 42 81 81 53 48 65 20 53 50 27
22 96 36 84 14 37 54 84 98 61 3 69 53 9 4 100 2 26 44 17 18 8 46 62 11 49 99 42 45 40 13 51
9 22 11 89 36 91 79 5 76 48 69 83 81 56 29 70 71 28 90 4 67 11 13 8 7 54 90 94 34 81 8 28
32 54 83 87 26 49 89 68 57 52 90 11 85 60 25 83 27 96 86 39 22 62 69 69 86 83 3 25 66 18 84 64
96 40 40 38 3 87 54 28 24 72 46 90 40 85 34 8 97 15 3 31 74 64 24 43 36 93 59 7 14 29 75 20
13 1 3 69 5 71 89 98 74 25 25 28 83 52 46 33 43 80 45 96 12 85 33 19 20 54 7 83 74 50 63 8
2 72 26 14 32 3 26 42 3 34 38 73 1 12 35 62 73 31 48 46 11 86 36 37 7 80 93 66 1 79 43 27
88 2 94 3 5 74 77 76 54 3 3 68 46 77 87 22 100 21 80 37 72 26 53 25 77 31 35 40 3 42 30 67
38 45 92 77 72 73 6 72 40 12 67 35 92 88 76 26 12 12 9 56 87 21 24 94 44 77 75 89 49 94 86 30
93 39 39 75 32 79 25 17 48 58 75 24 33 11 21 7 68 83 35 96 3 51 33 45 71 32 63 69 99 84 54 9
36 99 46 7 82 72 94 56 11 76 5 60 89 81 22 14 36 15 58 85 60 25 16 99 56 60 73 71 68 23 62 84
20 50 67 55 6 88 89 85 96 83 34 71 73 83 99 58 62 78 6 23 87 78 57 26 4 63 51 24 29 15 18 87
9 95 13 69 78 28 2 20 80 38 38 85 21 75 84 26 91 11 79 9 72 75 88 54 98 91 4 60 45 60 46 1
6 82 63 99 97 55 9 97 82 81 94 37 56 68 25 97 18 70 38 17 26 38 94 29 91 39 40 79 5 23 54 31
88 40 31 37 21 89 31 71 60 96 40 28 62 7 22 4 37 88 77 53 50 25 69 49 78 80 67 21 89 23 62 37
6 72 92 9 95 83 6 52 43 12 17 98 49 26 55 31 88 40 90 62 35 48 62 99 64 65 25 25 28 81 10 63
85 94 58 77 90 16 91 34 9 100 66 91 10 28 84 82 48 82 3 92 66 85 34 51 88 22 82 37 86 8 18 5
92 66 69 75 2 60 55 98 34 80 54 51 4 34 58 81 5 15 42 59 83 74 96 97 71 59 78 67 44 12 23 15
100 97 34 69 49 52 17 79 41 81 52 93 41 70 99 71 18 50 62 50 81 47 75 81 37 61 81 36 46 61 7 96
20 2 59 32 41 23 44 67 23 77 30 3 57 51 20 17 56 43 86 22 85 98 49 34 81 91 27 96 87 20 40 5
77 78 49 71 10 29 54 100 84 87 55 35 13 21 78 36 90 95 4 35 70 49 73 74 12 25 17 34 24 80 36 86
63 95 76 68 81 91 78 75 99 8 27 82 61 21 47 29 73 52 35 53 41 19 54 39 41 48 49 47 69 29 61 35
49 75 77 1 69 24 100 4 16 50 45 4 40 82 17 55 56 73 67 8 57 85 82 18 89 91 89 64 92 80 29 67
76 14 54 87 12 36 47 55 28 32 7 32 51 68 59 57 40 91 84 68 3 22 64 22 83 62 67 15 56 76 2 20
