matrix
73;86;60;11;35;71;39;5;16;71;43;30;62;22;61;8;6;5;87;97;98;76;65;52;41;82;12;1;58;7;94;48;100;95;59;21;60;37;40;91;95;14;54;34;54;59;5;3;31;44;78;57;46;58;93;99;47;43;27;39;86;49;95;97;64;93;15;36;16;93;6;28;51;43;12;97;23;68;69;83;70;47;77;22;37;26;80;80;30;59;65;81;7;39;60;94;60;28;69;57
68;11;23;24;82;88;56;96;70;72;29;79;83;80;14;5;31;92;52;72;41;27;30;94;69;97;25;92;89;84;99;4;71;75;57;94;35;44;64;94;18;85;13;96;83;6;51;37;16;49;22;94;16;5;34;43;13;23;10;50;33;73;53;24;13;53;65;94;27;71;78;16;59;30;37;82;88;56;90;47;45;71;90;75;96;86;57;44;73;1;59;69;51;12;85;53;6;62;90;58
28;92;15;41;9;15;36;20;65;28;97;15;25;15;8;83;72;98;14;40;52;95;31;20;47;43;13;21;95;64;62;55;81;1;59;10;81;32;64;75;55;17;80;80;32;89;15;25;77;62;27;32;3;53;43;20;6;79;99;78;15;76;95;64;43;21;30;14;78;85;95;78;80;15;17;75;67;50;68;81;89;36;82;7;84;7;95;57;51;65;33;32;30;95;59;2;13;40;87;42
73;63;26;38;75;50;50;51;89;64;15;44;98;42;39;50;74;69;75;90;90;7;47;84;69;31;8;100;39;14;56;70;56;68;100;6;49;46;65;20;26;57;20;78;72;34;96;64;85;100;91;91;40;83;43;57;19;14;50;88;9;63;35;29;89;53;23;3;24;95;12;20;95;59;67;50;25;98;84;78;22;42;2;69;28;32;24;32;28;18;47;75;60;8;25;80;24;87;13;28
3;21;48;41;75;92;96;73;79;53;2;11;84;24;89;76;26;25;97;81;9;73;14;76;71;63;93;2;71;20;75;50;95;45;28;67;42;55;94;35;5;83;59;8;31;19;20;36;87;36;3;31;33;50;50;79;35;49;49;68;76;86;73;49;26;89;50;39;1;64;42;91;84;39;27;69;88;85;47;79;73;36;58;35;100;9;44;82;18;15;67;73;75;31;83;76;63;38;76;88
79;82;36;9;39;3;18;53;38;96;10;48;59;93;10;4;6;86;36;86;6;75;28;6;30;21;41;24;18;13;43;72;72;59;92;30;74;90;48;41;25;71;68;21;94;43;78;71;76;36;85;6;55;78;48;11;3;2;98;60;52;32;87;32;32;22;50;70;5;80;64;4;58;49;3;50;44;86;52;96;25;33;41;56;35;69;11;87;50;68;59;25;32;45;16;6;76;51;97;48
93;53;23;43;72;84;9;65;84;90;90;90;2;29;34;96;64;95;41;94;81;98;52;34;6;67;6;58;47;6;10;61;5;54;13;42;95;43;43;67;35;87;21;61;14;90;85;27;2;31;61;82;46;52;21;76;67;81;72;68;18;96;85;12;62;57;98;80;19;78;41;98;91;74;76;6;29;1;66;53;51;91;100;88;80;70;98;79;18;33;95;47;88;47;74;78;87;75;38;57
65;89;62;42;66;81;25;45;11;62;5;57;97;14;59;79;52;12;2;14;39;38;63;59;17;100;9;11;88;48;32;2;80;24;52;23;12;37;38;89;53;21;46;92;67;8;35;9;89;18;71;90;26;72;100;61;29;43;81;34;13;85;85;95;73;15;73;36;59;71;57;39;42;79;20;21;34;49;3;54;47;76;95;94;16;79;98;1;9;85;32;79;27;24;37;79;79;42;46;21
89;41;92;87;26;10;48;45;81;73;34;19;46;90;19;83;92;71;84;14;36;76;24;20;1;71;28;51;66;1;7;23;22;9;24;83;50;16;34;76;72;88;7;96;63;49;74;88;83;56;59;97;50;90;38;70;87;64;6;30;26;5;47;62;56;97;36;34;49;35;2;29;79;62;3;68;41;87;78;86;92;74;91;33;52;9;41;52;82;5;51;33;16;44;44;65;5;31;50;70
23;33;32;96;23;31;70;44;80;57;1;20;39;65;20;35;41;71;23;56;24;65;82;92;83;64;60;65;25;66;56;80;1;49;87;74;31;31;64;87;13;92;100;47;16;1;86;34;41;91;58;54;36;76;20;70;71;87;12;69;82;58;79;43;38;74;53;71;47;31;40;22;63;42;51;27;100;55;68;87;37;68;39;55;79;5;25;15;57;23;72;94;90;26;83;60;50;18;64;66
56;93;24;92;50;5;18;31;42;29;80;10;79;52;14;74;63;86;57;5;4;26;27;63;40;24;68;58;50;100;13;44;89;19;14;2;91;27;85;32;2;93;40;74;42;38;83;5;75;82;47;69;8;70;23;37;1;71;69;22;13;28;43;69;22;71;7;80;61;74;51;49;25;13;69;75;63;6;34;41;12;25;29;66;62;74;18;56;52;51;92;59;3;54;84;72;76;15;39;9
96;89;41;7;62;91;91;67;8;84;38;24;85;12;41;74;81;41;33;95;85;80;79;34;52;82;86;97;82;9;17;97;97;100;31;1;77;93;65;91;4;84;24;98;14;33;56;97;81;25;100;75;36;75;43;71;53;28;86;93;52;51;15;14;90;51;17;40;47;17;57;86;40;30;36;51;99;53;50;96;34;25;75;51;54;14;64;81;89;96;72;52;7;32;11;45;66;66;79;100
23;62;65;74;98;67;42;74;17;96;39;91;13;93;34;28;66;46;61;1;8;35;88;69;46;11;22;41;6;21;52;36;73;20;26;3;24;17;94;71;23;55;2;57;45;93;72;41;40;16;56;94;19;75;62;49;81;82;64;4;24;4;26;9;37;23;80;14;58;53;64;47;85;52;28;26;27;5;2;75;29;2;7;9;93;65;9;3;1;32;24;30;91;23;7;86;40;31;34;39
99;32;75;54;48;12;73;24;42;29;60;50;56;81;7;57;27;2;66;52;72;85;28;4;44;98;24;76;13;36;6;29;43;56;76;79;35;24;29;96;6;10;66;93;29;30;20;3;15;96;53;55;77;29;70;38;41;33;24;26;1;98;6;65;82;15;63;55;14;7;92;17;63;74;96;76;97;88;81;39;11;45;46;13;37;84;79;95;44;81;41;29;59;73;55;46;32;7;88;49
66;16;25;13;86;98;41;8;55;30;60;76;99;55;41;66;54;3;23;35;5;76;29;80;87;53;9;1;10;54;22;42;78;1;34;4;6;79;50;73;43;30;63;54;21;56;49;97;7;4;6;8;2;35;61;84;65;58;92;77;24;55;90;17;90;49;53;67;51;87;23;62;46;91;67;34;51;87;39;27;56;4;100;16;45;59;65;53;18;13;31;51;40;57;37;35;47;76;59;38
78;48;12;76;91;53;52;36;24;72;67;19;38;88;48;23;38;94;53;38;77;100;59;87;60;94;57;96;7;29;96;40;38;68;93;51;54;16;34;72;33;50;37;10;64;34;63;50;43;74;25;100;58;40;77;40;7;45;70;39;9;58;79;22;7;69;21;34;19;16;32;4;1;75;45;11;30;28;29;72;90;42;32;38;18;86;23;54;38;74;78;80;66;10;58;55;62;22;46;13
51;21;36;95;48;54;71;7;5;44;62;95;30;62;83;93;60;21;1;35;32;25;39;41;72;66;87;72;70;46;98;17;25;31;4;91;18;3;46;58;4;32;86;72;48;9;2;80;64;92;25;40;1;26;95;15;98;32;23;92;27;11;30;46;26;78;97;64;56;26;59;27;87;66;60;89;87;13;1;88;23;49;73;24;49;53;76;41;60;57;26;60;57;100;14;75;20;94;83;12
61;8;14;22;95;60;77;86;51;81;12;13;40;7;30;93;45;31;31;29;19;81;59;12;49;13;9;89;49;7;93;20;98;79;71;25;75;53;5;58;9;5;86;90;31;77;48;47;16;34;95;95;46;49;24;71;82;66;25;44;69;14;1;35;25;88;9;89;55;89;76;62;87;57;97;31;88;5;83;7;83;19;26;100;26;63;55;90;65;91;28;71;11;9;81;22;64;36;62;77
43;72;62;74;12;93;67;22;52;34;63;89;32;91;98;40;53;68;25;8;69;1;3;6;19;54;10;44;63;65;12;91;88;42;70;65;97;86;41;84;2;76;15;96;9;72;72;90;1;33;10;22;26;58;86;98;13;71;4;47;64;41;32;39;53;39;78;59;92;86;82;20;35;71;5;57;22;64;64;95;54;97;22;87;28;39;36;99;29;90;11;71;5;6;82;74;47;31;100;10
68;66;44;68;90;96;3;23;69;53;42;10;42;95;76;16;32;40;63;100;44;98;18;49;54;22;37;20;85;22;85;55;97;43;61;8;15;53;46;3;52;41;93;96;7;65;58;12;21;70;29;70;82;50;50;1;69;63;63;8;99;12;20;61;40;83;58;97;42;51;9;32;58;10;59;88;32;6;90;69;3;19;19;84;9;4;67;6;8;55;78;11;29;6;31;49;92;4;79;27
76;26;6;99;44;94;34;63;18;18;61;36;87;29;37;91;7;47;65;1;54;37;19;40;64;98;40;34;69;68;52;33;36;51;47;88;89;8;99;5;36;100;35;23;40;22;38;78;63;31;76;77;20;33;10;84;99;90;13;50;56;93;29;28;50;92;21;34;69;48;54;69;42;18;75;62;22;4;100;10;82;40;36;19;77;15;27;2;78;44;48;25;60;73;9;59;63;19;80;2
89;94;18;20;68;3;15;40;94;62;49;91;11;94;84;2;93;35;1;31;22;26;13;12;53;86;17;19;90;98;48;11;79;42;33;97;55;16;93;6;71;32;38;64;6;9;97;91;1;97;82;11;94;62;82;19;35;95;29;71;31;95;84;38;70;100;57;45;26;51;82;96;33;33;99;50;39;65;19;42;55;85;4;93;74;14;29;77;99;76;73;88;95;77;22;50;47;96;3;51
14;37;26;73;88;67;24;4;23;46;98;34;77;67;60;65;15;9;100;11;1;53;65;50;1;3;92;40;28;38;39;76;94;66;36;53;41;49;85;95;53;97;53;4;47;27;89;60;83;39;41;100;23;34;72;8;81;75;99;23;24;51;49;19;90;63;66;13;55;79;45;30;97;64;6;79;40;98;25;82;25;27;73;17;79;43;84;90;79;84;47;40;7;41;4;58;34;86;98;53
23;6;53;22;40;25;47;12;92;90;78;43;94;67;15;22;40;20;39;66;84;26;48;19;46;29;33;70;7;24;57;96;64;24;41;27;41;90;37;78;3;36;54;25;28;78;25;2;74;85;2;9;27;93;13;83;4;56;12;17;64;66;3;91;94;14;33;40;72;69;8;10;98;49;71;27;2;16;97;65;46;43;84;2;21;45;91;41;69;4;73;59;73;67;96;9;89;36;1;29
18;68;92;32;100;87;73;79;9;70;96;12;11;44;55;35;85;38;34;64;30;79;68;67;46;78;35;11;22;3;72;39;6;97;60;23;57;96;22;57;83;22;54;35;90;57;33;72;23;65;98;77;30;32;69;86;76;53;90;53;60;5;27;22;40;27;53;55;14;35;65;75;39;93;75;81;93;35;59;82;79;44;7;63;13;26;31;36;99;43;31;74;27;51;34;33;9;97;80;26
41;44;69;22;66;99;98;23;66;8;61;13;10;32;24;31;48;15;99;8;25;64;67;79;84;66;45;5;72;77;54;17;77;14;55;97;2;25;1;25;45;26;51;48;51;50;79;77;66;62;5;2;84;100;41;91;10;89;100;46;37;38;58;75;11;51;63;65;26;17;62;70;92;19;29;16;14;48;6;24;27;47;33;59;75;62;3;58;21;7;90;67;24;80;11;34;5;10;21;41
34;25;30;70;37;33;46;80;60;12;10;85;51;34;51;27;51;69;35;54;22;26;65;20;30;39;36;82;74;95;40;75;27;59;93;62;31;31;11;17;88;92;31;95;87;99;50;93;35;30;27;41;15;65;19;70;94;47;58;4;99;58;89;91;88;33;70;70;91;57;80;6;14;38;12;15;78;38;7;22;99;22;33;75;99;60;9;17;73;36;73;4;87;35;89;58;77;26;55;9
96;3;1;72;63;64;3;64;65;59;18;81;91;93;14;65;27;95;71;36;30;39;45;13;6;11;9;48;66;77;10;20;82;45;38;43;6;52;18;15;78;22;31;15;8;15;33;47;89;2;96;44;73;50;10;83;56;16;44;8;72;100;64;98;17;7;42;22;91;13;10;67;48;68;18;76;21;33;92;48;32;33;66;33;58;66;71;60;94;67;5;27;23;34;21;68;30;97;19;53
11;27;71;45;96;19;98;19;78;53;25;48;65;16;75;29;18;16;37;78;75;28;59;32;89;19;17;6;76;71;59;54;4;70;56;29;40;80;49;12;44;81;5;25;90;99;76;43;60;58;20;29;79;48;23;92;24;27;27;47;76;65;7;50;89;86;99;54;59;8;97;29;58;23;8;40;42;10;73;49;76;86;32;30;83;53;69;19;23;30;28;51;5;67;94;40;23;51;62;17
93;37;59;79;4;49;14;16;78;97;57;68;99;90;25;20;26;21;57;28;58;32;69;3;7;14;38;98;80;5;50;37;79;21;2;21;11;29;2;31;56;85;6;27;72;64;18;64;40;47;31;43;50;69;63;43;82;88;9;36;11;20;99;55;80;27;48;80;22;1;93;89;23;16;14;95;87;27;37;18;86;38;86;65;94;10;33;70;95;58;96;43;44;5;53;38;20;70;71;59
53;96;76;83;91;16;34;43;8;35;72;57;19;88;44;98;99;21;2;5;5;41;43;47;20;62;87;79;51;20;32;68;5;50;73;65;33;91;70;88;52;44;20;54;23;36;39;21;83;67;29;28;64;67;82;83;90;28;18;90;58;56;11;87;16;59;80;74;16;99;41;53;42;69;48;100;42;70;96;55;12;17;43;41;89;18;93;96;50;40;30;10;80;42;8;77;9;91;95;43
36;10;93;67;11;68;26;12;53;30;58;59;30;65;44;75;87;57;79;33;9;96;43;4;90;58;79;34;81;42;84;95;82;14;88;2;42;20;92;34;55;36;23;38;19;77;100;44;30;28;97;87;86;2;49;55;19;32;27;97;42;40;21;11;40;78;75;1;59;46;55;61;45;24;73;32;17;79;19;25;50;26;55;21;45;53;8;8;27;40;81;11;47;13;8;94;57;90;90;17
30;24;27;17;14;78;45;24;32;1;72;85;76;93;17;8;95;80;15;98;70;10;22;64;28;57;25;37;74;82;21;41;40;71;56;15;46;34;95;71;50;34;8;45;95;24;31;28;55;17;39;82;65;50;11;14;62;96;86;96;93;38;44;6;12;99;94;27;57;8;99;36;41;6;7;20;92;91;96;68;25;59;16;11;55;85;71;96;72;91;38;42;13;90;86;19;19;21;96;44
56;64;85;24;80;72;53;15;10;18;70;52;82;66;18;91;49;53;73;20;59;64;36;44;59;86;28;61;7;15;19;19;46;19;4;46;60;58;2;57;57;77;59;18;80;34;89;83;45;11;76;99;65;5;1;25;17;58;6;87;74;91;59;96;91;67;21;23;44;87;9;67;33;57;92;39;18;23;72;77;73;96;93;24;16;36;61;34;38;82;40;95;56;91;44;5;20;54;28;14
48;11;72;53;35;28;48;34;41;89;21;85;25;94;20;91;80;79;76;74;63;55;6;82;3;57;10;5;84;42;33;52;60;87;17;82;54;7;97;89;39;60;50;74;51;43;9;6;35;84;45;42;66;87;27;30;77;63;60;74;3;41;28;13;17;65;13;79;42;67;57;68;11;56;15;37;33;58;99;11;7;41;37;58;78;3;88;87;85;83;100;21;18;42;96;44;98;30;64;91
12;86;69;44;69;1;10;58;10;74;48;58;31;65;93;29;27;80;53;12;44;20;8;37;4;20;70;2;28;34;9;59;7;2;61;29;38;16;94;44;55;41;98;8;20;72;82;59;70;72;10;70;17;78;29;11;25;1;6;14;77;94;58;10;95;93;45;6;85;87;66;59;31;22;14;29;1;14;19;5;90;89;31;1;44;61;46;50;46;56;76;53;91;56;57;33;77;25;53;36
91;68;95;92;30;33;47;24;42;3;19;51;99;50;76;16;78;37;13;91;21;73;8;94;66;70;55;4;44;76;72;18;78;41;49;91;73;34;67;9;59;87;97;100;5;26;24;3;13;74;84;57;5;56;50;90;68;46;3;90;84;44;43;61;84;60;4;55;42;5;96;42;13;46;74;49;77;39;8;91;95;72;21;29;7;57;65;1;83;66;59;20;46;4;22;80;24;71;3;81
16;74;80;48;39;24;42;22;43;56;12;48;76;95;13;15;37;80;74;90;2;41;14;5;41;84;89;28;55;92;60;52;64;49;45;66;22;97;93;26;29;61;44;81;87;75;31;10;98;41;85;65;66;10;63;22;41;92;76;5;48;34;25;77;20;22;76;38;88;77;91;97;53;22;59;43;36;77;42;67;18;73;22;8;90;87;3;66;78;52;34;10;19;45;83;56;47;1;8;16
12;5;35;96;98;19;39;21;11;27;81;65;58;58;64;4;34;11;38;26;17;72;37;55;93;37;26;76;33;43;63;25;39;19;63;39;5;52;46;16;45;22;94;37;5;93;45;52;39;22;35;13;45;40;39;26;77;85;77;17;63;86;51;97;3;97;45;65;76;1;65;96;17;55;87;78;8;27;15;86;88;92;40;96;15;28;53;12;51;68;2;20;16;52;65;71;7;73;58;39
81;94;68;8;11;16;76;1;73;86;47;14;45;61;59;3;37;57;10;16;11;27;31;77;32;43;89;60;3;21;81;84;44;44;78;73;32;67;47;50;42;16;65;21;82;65;41;49;22;61;28;8;30;3;33;75;80;13;23;19;87;75;96;77;52;9;73;82;55;31;51;52;47;43;80;67;52;40;70;75;3;93;9;68;23;36;80;23;91;60;54;77;68;73;21;22;57;34;83;36
4;95;79;63;46;77;58;47;18;55;34;80;78;86;78;53;54;30;48;21;21;38;60;33;98;14;13;46;35;76;25;10;48;49;24;96;65;9;49;33;20;76;53;53;38;22;79;23;64;94;12;92;59;78;31;32;7;34;60;98;27;10;67;53;29;48;82;19;19;79;90;43;15;36;22;73;71;35;40;81;36;26;58;84;52;28;16;90;37;29;26;21;32;23;69;20;10;44;21;60
21;10;5;59;30;68;2;77;58;71;77;68;35;99;100;70;8;52;83;98;75;99;75;47;46;57;70;76;88;21;40;1;10;40;38;9;41;2;61;25;41;92;61;3;99;46;27;46;99;62;83;53;86;40;38;66;93;31;35;57;45;31;48;85;22;56;84;62;5;68;67;36;59;13;81;75;50;1;62;31;90;54;58;26;45;16;56;56;58;80;80;6;8;58;54;10;85;94;97;61
85;28;59;50;77;58;45;83;51;30;67;70;76;72;34;98;76;19;69;89;89;26;73;44;78;82;100;96;92;75;43;87;25;44;79;37;89;39;49;100;11;32;36;94;78;8;24;88;75;13;85;26;24;68;2;94;69;88;70;61;94;29;79;32;14;75;5;14;50;48;41;38;85;3;7;32;11;70;60;89;55;22;52;87;69;22;11;25;43;18;50;70;72;9;81;59;19;13;86;68
13;25;24;16;37;38;78;32;55;18;62;68;71;39;53;11;19;88;59;76;36;53;26;22;68;11;44;5;48;82;6;33;53;94;52;94;44;3;25;33;82;57;69;2;55;86;74;66;35;14;95;60;30;38;24;98;20;52;17;49;93;74;85;37;10;95;99;42;93;89;90;31;61;41;38;39;56;89;37;78;3;96;87;100;87;83;38;9;60;26;5;44;55;77;82;1;52;80;94;1
52;56;20;48;19;44;49;34;93;34;35;24;5;15;23;25;11;98;97;21;78;47;26;50;13;47;59;1;44;89;16;86;97;96;94;29;48;84;34;52;70;43;31;79;53;29;43;71;52;21;68;22;32;9;89;34;56;36;10;4;41;7;67;55;85;2;1;9;33;31;77;96;32;2;23;37;82;19;74;13;72;98;25;97;70;22;89;68;87;64;36;67;63;68;1;36;15;60;93;13
53;67;82;11;38;97;45;18;28;42;65;4;11;64;38;14;2;44;8;37;86;83;8;37;91;89;91;70;36;95;97;60;84;30;8;17;88;47;38;31;83;72;80;67;51;27;84;36;2;85;12;29;77;9;100;55;32;71;97;65;66;95;43;56;30;99;64;5;30;100;74;80;4;35;75;35;26;54;11;16;37;68;22;39;97;95;86;16;90;60;67;76;11;13;57;65;20;74;50;7
25;72;33;52;42;37;54;48;71;51;35;29;68;65;14;72;93;19;47;73;30;90;65;28;83;67;12;44;50;67;14;32;41;79;95;100;9;32;45;49;43;53;39;44;18;64;12;72;25;63;99;6;79;72;78;20;72;43;8;5;70;10;60;96;92;33;43;27;45;59;91;62;37;60;49;52;39;37;31;22;30;41;26;46;89;34;11;61;48;91;89;15;98;11;11;18;40;82;66;98
19;69;29;12;61;4;55;34;12;36;36;82;91;99;20;53;77;87;24;66;27;61;31;39;77;34;12;27;88;2;20;32;94;32;7;71;67;54;54;30;43;29;16;53;32;12;36;44;22;25;97;56;31;100;45;24;79;87;91;62;52;5;33;74;95;67;33;78;56;72;42;35;34;100;8;39;62;91;4;59;60;91;26;95;66;55;84;15;37;62;64;64;93;99;33;28;73;38;30;18
3;87;22;38;85;49;39;23;60;14;90;94;59;41;30;18;47;40;68;76;46;67;67;53;50;61;55;85;44;29;12;46;60;64;32;14;87;93;56;90;90;52;58;35;48;15;83;37;35;34;17;30;63;59;55;84;8;97;100;94;16;4;9;27;96;29;14;68;24;94;54;71;24;49;18;65;82;37;39;2;65;13;27;89;70;8;38;25;25;81;77;62;94;44;38;1;86;43;77;55
48;34;22;35;47;73;73;82;14;12;11;38;89;53;25;95;81;4;78;49;11;51;91;54;77;43;71;11;86;99;37;60;68;39;96;57;86;100;2;15;22;90;30;80;67;98;76;5;72;49;88;68;49;45;25;25;90;46;99;78;29;20;9;91;55;55;36;23;50;30;86;47;80;44;14;98;72;88;52;6;73;29;3;37;4;97;58;88;55;81;100;61;94;65;15;43;41;76;86;54
58;67;9;50;92;91;65;72;87;96;89;7;18;78;13;17;15;81;9;11;22;25;68;61;69;56;45;4;87;44;77;84;70;48;55;94;21;97;40;27;9;28;95;11;99;14;24;76;66;60;67;89;3;100;56;53;91;48;24;56;83;50;27;53;30;71;83;97;22;80;51;55;44;21;50;4;34;36;65;25;26;70;24;38;68;16;32;86;71;29;84;64;12;1;38;4;91;69;19;71
54;70;26;91;42;80;33;70;37;92;48;12;98;43;40;67;87;95;88;47;65;51;57;91;19;87;3;94;84;75;25;89;62;49;49;80;3;39;97;14;19;77;41;62;6;43;46;8;88;75;63;69;77;66;78;87;46;79;97;14;49;87;34;10;56;79;55;69;97;99;62;64;85;41;64;7;46;34;44;16;61;11;90;20;88;26;53;24;92;97;86;1;11;67;82;87;40;6;1;87
14;97;20;75;30;43;24;82;63;44;36;40;92;39;17;79;21;79;92;71;22;45;84;31;65;10;72;28;80;25;95;93;50;96;94;56;18;28;47;4;44;37;63;16;92;10;80;62;13;9;72;48;91;75;28;51;23;11;50;64;38;44;33;64;47;95;86;43;1;54;79;56;54;5;37;71;6;26;99;67;46;96;77;34;55;20;42;86;74;96;58;20;33;55;31;44;59;92;26;58
32;98;20;99;71;8;70;57;33;70;86;88;46;20;22;1;58;30;34;31;48;92;45;75;86;34;88;52;17;82;51;20;54;84;88;1;17;39;77;51;73;42;64;33;17;94;65;11;77;70;100;95;28;23;63;34;72;5;62;16;98;61;69;67;7;85;58;5;28;20;11;53;50;23;86;19;42;28;28;14;83;88;55;85;31;13;100;61;31;4;59;38;25;57;87;96;60;55;85;23
79;41;64;18;53;75;84;97;81;68;72;18;40;81;68;90;95;82;11;71;99;55;8;91;62;94;19;94;72;99;50;81;94;92;60;95;29;11;46;32;38;20;97;56;9;59;27;1;31;22;25;76;5;95;20;94;53;100;79;5;3;6;17;40;9;59;95;24;23;59;80;60;97;62;34;87;9;20;76;87;64;49;6;78;40;74;1;69;91;31;88;35;38;43;38;7;36;96;1;63
37;32;13;56;87;33;21;56;24;39;39;56;60;19;22;30;88;29;33;76;39;43;66;74;56;93;16;92;32;89;13;35;41;84;58;5;16;4;32;3;99;75;67;87;69;16;41;51;98;77;25;24;78;61;73;38;33;26;45;79;69;89;68;82;95;28;15;66;98;49;76;55;73;2;25;5;47;25;71;10;77;16;5;57;62;71;68;68;38;57;67;61;57;12;42;73;53;53;72;68
31;39;1;33;78;79;69;5;29;60;87;6;29;64;85;26;97;26;85;63;2;50;79;6;90;74;47;31;1;66;1;87;22;42;87;12;10;10;39;24;99;38;2;25;19;15;97;24;27;47;90;13;53;84;64;21;71;91;62;5;51;86;62;34;24;94;90;93;94;51;95;5;81;72;32;75;74;51;28;18;42;16;88;27;75;25;96;18;49;7;73;2;41;87;34;29;32;63;29;36
45;38;85;69;80;76;97;61;46;99;51;17;80;19;18;43;53;16;62;55;82;70;66;19;77;88;82;69;22;81;97;52;80;59;40;72;42;28;85;7;20;71;90;100;89;70;94;21;30;85;5;93;77;24;66;7;18;57;26;54;14;80;58;49;70;14;13;49;66;7;55;28;70;27;25;56;59;19;58;81;11;9;22;3;47;81;65;15;25;46;38;59;73;92;76;24;19;55;80;4
17;88;100;65;7;75;56;17;28;81;63;62;63;78;29;27;22;50;26;75;49;87;9;1;42;82;50;29;23;14;97;87;17;81;88;81;92;39;30;50;11;32;30;64;46;33;93;49;73;37;83;46;38;28;85;71;73;76;90;43;43;8;43;83;25;93;51;97;23;27;25;99;69;20;12;76;84;98;8;30;16;19;6;12;68;37;96;98;35;4;66;35;30;99;20;23;14;32;29;93
55;95;27;50;5;21;4;46;62;46;44;66;48;69;100;15;44;58;27;90;3;24;91;29;68;68;10;8;35;70;61;36;41;79;49;28;3;11;100;77;23;63;66;64;8;89;9;17;29;87;82;90;65;98;77;7;66;12;86;17;48;11;93;54;59;67;54;32;91;66;34;66;43;87;54;5;80;21;77;6;84;4;20;51;90;48;44;44;63;5;72;64;97;59;3;96;83;96;28;68
74;62;8;28;59;36;44;8;29;32;19;63;31;34;83;100;21;100;11;38;55;45;47;74;99;19;76;70;17;16;73;48;3;3;59;76;98;12;23;2;94;57;89;23;52;87;69;37;82;9;67;42;7;39;77;14;17;89;32;75;23;60;14;97;7;29;62;9;52;98;1;22;27;34;73;79;59;89;95;72;74;30;40;3;38;10;76;20;60;6;94;32;27;81;27;7;24;45;31;16
42;94;68;13;92;26;96;51;58;46;29;19;8;85;26;22;68;68;17;74;78;34;55;21;49;73;76;81;9;53;12;81;82;79;73;55;34;1;54;10;83;48;31;66;76;25;25;26;74;100;56;61;73;6;12;13;35;54;9;96;23;91;90;7;15;19;52;39;36;55;10;25;62;65;40;78;14;70;73;100;94;46;5;44;53;20;95;32;31;19;29;67;40;25;85;90;10;61;88;98
99;20;66;83;53;55;53;59;35;4;73;51;67;26;59;57;36;38;8;67;41;44;25;19;14;89;21;52;69;97;91;35;98;92;24;65;6;85;54;52;30;75;38;44;54;8;36;40;56;23;57;58;95;92;9;83;76;17;26;34;83;7;19;63;53;31;93;6;4;75;11;41;4;36;76;35;45;12;38;78;25;34;16;36;55;41;5;100;67;39;63;7;9;84;85;69;32;33;81;71
52;57;80;56;4;97;39;71;27;38;54;95;61;33;99;94;44;14;33;14;41;86;65;25;29;34;89;46;12;23;3;44;21;51;1;59;22;7;43;21;48;71;28;86;66;79;84;43;11;87;24;44;98;22;36;40;21;82;83;29;48;91;9;32;75;53;37;26;62;10;75;80;49;73;87;24;51;96;92;56;34;16;36;18;12;74;48;25;25;36;6;59;40;30;85;4;6;79;69;70
9;87;96;33;33;61;81;52;73;8;42;61;56;41;7;5;41;36;45;76;75;17;83;52;33;97;52;83;67;25;97;78;54;44;98;55;1;64;80;59;31;3;60;77;6;15;34;13;48;3;70;80;1;63;26;31;86;78;70;82;9;71;45;15;37;95;45;79;43;60;37;69;37;69;72;12;18;76;96;58;46;100;8;50;59;60;67;25;63;95;3;40;41;46;17;17;7;10;73;97
81;11;60;49;83;62;75;3;15;9;63;95;89;49;11;53;35;78;58;5;81;3;46;54;33;24;76;91;27;67;17;20;67;27;12;75;38;98;5;38;81;51;85;88;79;7;99;50;75;35;3;16;95;85;5;8;87;66;67;58;1;37;50;88;75;34;7;28;13;65;62;100;65;16;39;10;96;98;100;56;23;30;25;9;73;27;82;81;63;49;58;73;49;24;17;62;47;7;11;64
68;80;21;94;74;6;17;5;95;42;5;48;45;47;69;45;100;44;86;5;83;27;69;69;100;100;64;30;14;2;81;78;72;25;92;15;12;35;31;56;44;28;48;54;43;49;67;24;63;88;61;74;33;42;40;86;61;100;39;100;41;59;21;7;40;13;53;52;44;1;17;59;55;38;63;97;72;50;35;85;2;71;22;33;57;81;63;3;17;94;96;38;15;65;27;31;65;29;21;81
29;14;58;80;57;26;87;57;57;49;9;77;97;41;87;93;61;47;17;40;99;50;89;39;56;26;78;65;81;52;48;37;23;8;27;61;81;42;60;4;77;54;80;87;41;78;42;79;15;30;3;26;47;98;79;81;76;94;39;69;6;57;21;13;39;90;84;46;11;68;25;95;76;61;57;12;73;58;12;14;82;29;37;29;49;7;94;72;84;3;67;76;67;26;70;88;23;88;41;28
71;87;100;53;94;78;4;55;42;93;89;44;87;96;27;24;38;73;66;42;47;38;32;26;69;66;85;7;14;10;30;35;98;11;63;16;64;34;69;25;74;60;36;1;49;31;96;28;53;60;63;8;66;99;26;98;95;20;67;29;77;80;34;2;76;19;3;84;13;31;56;42;43;33;55;47;48;82;90;96;51;97;88;53;95;34;63;49;5;98;16;11;42;74;95;41;63;93;76;14
97;62;52;29;33;85;80;95;60;49;7;29;62;78;50;6;24;8;73;6;40;39;72;32;64;44;35;37;97;40;41;18;69;100;35;50;2;25;84;23;58;44;32;31;100;97;61;98;69;99;77;6;50;47;38;25;95;30;31;14;61;72;96;35;72;31;31;14;28;23;11;59;37;63;1;45;17;80;1;75;36;5;79;24;98;62;63;86;48;21;14;72;84;97;3;26;82;25;57;69
27;17;5;27;94;51;73;91;15;85;54;77;99;36;39;45;89;88;92;98;30;15;38;18;36;23;99;42;68;68;12;98;93;10;49;70;79;34;58;99;4;34;39;37;26;86;65;93;77;26;7;34;78;33;69;96;3;23;56;28;25;62;86;98;4;37;61;24;14;89;86;98;7;53;14;75;39;30;56;99;25;46;64;25;54;76;100;31;13;35;50;15;13;90;85;73;44;68;95;18
7;41;42;35;61;29;73;70;32;91;66;36;41;81;85;28;16;58;7;15;73;64;24;28;17;83;38;62;43;34;44;36;96;64;94;20;9;50;77;59;52;47;61;83;78;64;96;22;20;13;54;19;35;83;27;83;52;91;25;49;11;3;35;85;51;80;98;45;43;100;93;65;80;85;34;29;67;61;26;12;44;19;89;83;27;22;44;83;26;77;14;59;99;71;66;98;68;96;65;7
32;99;91;77;23;9;60;97;16;1;43;22;34;42;47;61;58;55;92;93;80;89;57;24;76;2;71;30;33;63;24;74;54;99;9;98;13;7;73;60;14;49;15;7;25;25;21;7;15;44;34;96;8;19;93;47;80;92;88;62;36;87;91;93;71;48;56;29;15;83;19;58;60;100;46;72;86;96;83;21;94;59;93;5;8;79;52;41;38;37;55;29;88;19;34;80;51;62;12;94
19;53;35;6;62;81;79;52;8;99;65;40;72;63;100;87;100;29;44;93;43;29;84;96;30;27;77;97;9;89;57;36;79;53;13;28;77;18;27;36;15;26;47;79;67;51;56;67;67;10;69;96;77;97;89;79;33;27;92;73;69;10;11;60;43;31;93;90;4;6;3;71;56;85;96;24;14;25;97;28;21;80;13;86;27;63;85;53;25;51;42;19;71;35;93;61;50;56;71;93
87;1;92;30;9;64;70;100;86;8;63;75;34;12;15;2;93;52;91;87;34;15;76;13;64;77;96;56;72;38;30;52;50;59;49;72;48;71;75;77;41;64;30;40;75;63;34;92;88;21;32;36;81;47;94;11;75;81;80;88;73;75;71;85;26;4;65;50;41;26;72;31;10;17;41;42;39;67;47;50;35;24;64;49;13;96;84;42;8;85;77;90;82;13;50;84;62;24;99;76
51;33;8;10;38;95;50;26;82;82;54;69;34;51;19;97;74;20;54;42;80;35;19;86;18;14;75;18;15;39;16;81;34;13;53;68;47;86;71;63;25;6;39;56;34;53;60;9;69;64;63;86;54;70;77;55;97;52;74;27;52;1;84;90;42;32;25;72;72;50;29;10;47;93;73;84;22;49;56;4;65;89;92;95;34;93;93;69;31;89;94;26;53;30;71;18;92;39;97;92
58;40;79;50;88;42;82;44;70;25;80;59;55;33;10;56;41;14;73;58;25;32;36;72;78;75;84;70;23;71;65;73;27;78;87;60;21;36;8;26;90;96;38;10;29;90;66;38;33;68;34;39;15;4;57;92;28;54;69;77;71;6;41;34;82;17;15;36;9;73;16;62;43;46;42;80;5;98;71;45;89;91;56;91;59;11;26;91;86;81;100;24;37;78;57;99;35;10;96;65
76;100;90;62;64;55;42;18;94;79;48;56;58;19;26;80;83;76;6;80;76;2;30;23;12;98;32;6;79;75;38;96;46;13;65;39;2;3;52;63;37;72;76;27;38;52;65;30;70;35;44;76;3;99;11;41;84;94;7;93;49;62;45;64;32;92;67;47;16;38;94;12;69;92;56;51;36;58;70;90;69;40;71;6;82;50;30;2;69;77;74;40;25;54;60;62;13;61;70;50
78;36;58;53;86;81;72;96;40;1;63;100;86;95;76;36;41;1;81;60;44;9;77;4;68;66;1;41;94;32;39;52;36;41;4;29;81;18;32;73;15;46;80;55;24;17;31;71;17;59;58;16;80;97;84;48;12;12;14;46;5;98;54;27;51;66;30;76;5;39;23;63;36;23;55;75;12;4;28;93;93;67;26;37;14;65;42;10;76;3;88;4;12;29;86;62;30;81;34;87
6;92;95;57;92;93;26;6;44;5;78;90;97;35;53;77;37;21;61;63;49;87;43;76;3;18;25;79;89;95;54;78;92;9;10;52;13;53;67;82;7;53;51;90;69;2;42;48;41;53;63;61;73;40;74;74;61;38;45;47;57;17;60;88;36;3;53;88;77;29;56;95;81;58;93;27;94;40;71;51;10;2;25;64;95;6;43;1;98;39;7;69;73;49;97;50;69;36;28;8
8;79;73;62;11;85;81;48;99;53;46;46;57;50;46;68;44;25;48;86;90;63;27;94;21;65;8;19;83;53;26;100;36;29;36;22;100;11;3;35;93;81;84;52;89;2;76;47;91;73;26;48;38;24;73;9;66;32;79;40;35;14;25;90;75;37;32;40;16;63;38;44;26;57;1;74;74;11;85;16;88;22;49;96;4;28;32;7;15;53;24;49;40;64;87;11;81;58;84;4
52;48;52;9;29;51;17;11;45;75;99;61;63;13;57;29;83;21;14;91;52;30;68;5;43;57;97;6;88;80;53;25;63;60;27;35;11;96;56;52;25;12;91;79;89;48;61;40;92;5;45;38;42;62;67;28;82;39;23;89;74;22;67;40;1;38;68;1;90;93;41;44;34;52;60;69;53;32;11;77;13;27;38;64;28;49;17;92;27;60;25;16;98;74;26;8;42;6;99;60
97;72;73;88;89;77;89;43;15;34;57;43;21;19;61;92;62;55;82;26;37;98;74;52;29;87;33;82;63;68;64;75;76;31;80;48;97;49;45;51;20;88;88;35;89;57;1;54;76;44;61;25;5;36;3;65;13;77;94;34;63;76;58;80;80;100;2;7;30;82;53;83;51;96;92;72;48;73;32;88;47;12;27;30;14;46;29;34;9;28;83;95;39;2;99;15;8;9;7;5
21;67;22;71;72;88;96;67;58;75;44;39;62;87;52;16;12;11;49;11;86;57;81;89;82;98;57;65;36;84;6;11;97;84;45;20;28;98;33;51;7;23;54;30;54;29;80;9;40;69;90;54;26;42;67;97;12;96;53;86;20;19;44;13;46;89;73;9;70;89;68;17;80;61;26;51;65;99;91;93;32;67;91;96;56;64;95;87;41;80;31;9;61;73;1;27;52;90;40;60
30;57;71;49;88;78;12;2;21;87;68;14;23;73;47;80;44;4;51;54;46;83;86;71;35;70;97;87;60;79;68;30;52;30;14;18;36;80;51;96;54;50;65;33;2;100;75;16;75;36;29;51;30;51;68;51;64;34;52;60;9;60;31;89;93;4;75;20;58;24;68;45;42;81;4;12;59;10;7;60;76;41;87;18;25;81;11;2;18;21;57;60;36;89;90;13;48;3;33;44
84;47;12;72;75;98;42;31;73;84;99;77;51;60;90;89;24;54;4;16;8;19;6;32;68;35;92;50;66;87;35;70;6;67;8;42;21;59;10;26;88;50;91;67;17;68;5;87;82;28;55;28;90;48;29;11;97;84;39;22;66;80;66;97;6;58;47;58;26;47;74;96;45;53;42;73;69;4;70;94;15;81;59;78;1;60;27;85;7;5;85;28;16;6;18;86;66;67;64;65
48;49;100;89;7;15;1;48;47;10;91;79;100;40;30;15;20;75;35;4;47;15;36;38;28;53;46;53;29;61;82;14;91;83;61;54;2;81;69;15;36;89;77;73;76;77;2;27;40;78;95;73;24;80;17;97;27;10;80;73;96;58;82;66;65;100;33;55;23;76;63;7;31;13;76;61;43;51;96;45;95;47;49;23;42;14;79;92;80;27;50;42;66;21;92;21;64;80;92;51
17;3;26;95;72;50;4;86;98;68;20;6;67;36;11;72;34;83;17;79;67;61;25;17;63;66;96;50;59;7;54;59;96;17;81;60;79;4;12;49;63;15;66;85;16;23;95;32;22;65;86;28;45;61;41;10;44;53;98;38;99;93;34;82;69;92;75;22;49;7;58;41;57;64;49;3;44;54;53;36;65;23;91;13;85;78;74;24;55;62;21;36;6;50;21;85;71;79;9;76
89;27;32;11;25;67;34;84;69;75;11;12;76;33;93;14;67;27;100;52;43;53;42;9;22;58;71;55;30;14;99;91;88;28;31;31;9;92;42;95;83;32;55;7;33;23;1;20;16;58;98;13;77;2;57;60;95;25;12;69;39;81;53;6;40;10;19;64;12;23;79;41;24;100;19;62;75;69;82;26;3;18;85;16;91;1;82;66;20;64;8;99;16;80;26;42;59;1;63;63
62;29;69;37;10;55;65;72;3;27;54;6;76;51;49;93;80;27;53;42;33;81;22;100;12;59;100;18;29;98;5;39;88;88;26;4;100;4;94;62;44;37;23;33;95;36;46;31;32;98;57;17;54;18;28;57;64;50;5;35;85;95;15;29;9;1;16;37;35;89;77;40;54;91;79;25;33;19;68;46;68;23;40;87;44;45;28;9;14;1;58;97;3;86;74;56;6;13;24;73
66;81;24;45;85;57;99;10;5;43;10;7;31;23;60;27;42;72;67;57;57;40;63;15;3;29;94;37;89;86;55;87;21;52;9;33;18;23;14;20;4;48;5;46;29;32;66;14;32;65;88;52;89;11;79;9;21;50;26;80;96;98;98;64;8;39;49;58;24;26;10;57;5;11;58;78;31;72;61;71;47;98;77;75;31;43;16;73;2;40;24;48;94;75;68;28;44;12;92;57
39;48;89;8;24;2;2;80;100;10;99;59;58;37;48;61;98;10;4;40;2;86;78;61;76;95;27;10;28;4;58;65;96;26;9;55;21;94;16;20;60;61;86;14;17;52;26;39;2;6;60;53;19;46;81;68;65;49;29;83;33;51;38;35;86;9;79;30;73;27;43;21;100;27;20;11;24;42;67;25;84;1;20;26;3;39;97;1;77;9;40;58;45;86;26;50;93;27;62;67
31;70;98;63;67;55;10;98;52;7;67;94;75;89;8;47;9;17;90;24;93;31;21;92;30;39;48;76;2;62;9;75;55;25;66;19;1;9;27;36;56;43;90;79;71;72;99;49;74;68;31;83;84;87;47;76;64;76;73;9;88;9;55;5;90;94;67;53;42;1;90;21;1;14;35;67;65;72;90;99;77;40;26;89;18;65;16;47;65;59;1;66;87;16;89;14;87;43;93;16
55;59;70;24;62;84;75;7;40;60;98;11;10;85;49;72;59;1;10;81;67;50;39;91;68;6;88;1;42;6;35;53;99;95;65;58;27;81;50;35;8;52;88;34;77;51;13;56;32;79;66;57;13;12;97;47;22;61;45;4;68;14;27;31;99;1;49;10;96;98;68;78;14;84;19;63;91;18;34;87;56;67;40;67;60;68;49;27;5;36;11;35;48;30;99;75;69;53;58;73
46;29;45;24;56;40;98;63;47;35;27;34;44;49;8;77;39;80;80;42;1;39;20;15;14;52;56;69;88;8;78;15;32;63;96;46;37;84;52;41;13;12;50;28;38;89;66;88;94;71;74;65;55;62;94;72;78;7;70;84;61;72;80;11;22;61;6;12;10;64;98;11;42;63;93;82;76;68;29;15;82;33;19;24;74;9;7;5;29;23;16;84;58;34;23;41;61;77;67;45
1;44;36;61;57;62;17;43;90;84;98;76;38;86;38;38;59;37;52;91;30;92;76;23;6;67;52;98;72;1;3;94;89;36;54;88;66;19;18;41;38;15;97;63;6;54;92;15;4;80;12;77;94;42;64;46;61;21;99;10;23;19;10;62;18;37;60;60;18;76;32;68;10;87;66;77;78;89;46;92;3;91;21;56;76;61;65;24;12;34;48;49;27;85;88;46;93;21;45;20
40;75;94;69;54;14;33;94;55;43;65;57;40;7;65;88;44;42;35;78;38;56;38;57;7;86;36;98;81;81;26;21;8;19;13;52;80;51;45;61;84;37;20;93;62;42;86;80;42;71;66;63;11;89;27;89;67;37;27;29;74;94;36;18;71;15;97;76;30;9;39;66;89;53;86;5;45;66;41;76;95;69;17;85;71;80;57;3;88;56;37;39;65;82;60;44;92;33;94;62
35;10;100;7;7;40;2;89;57;57;45;62;38;93;22;40;47;61;61;31;93;26;42;54;1;87;5;38;11;76;52;53;92;61;69;54;53;15;85;32;30;81;65;63;15;25;15;17;34;48;55;50;54;95;57;55;30;28;98;49;80;80;91;82;56;50;73;83;51;92;47;10;93;16;52;14;87;19;65;32;17;33;74;72;51;43;100;49;25;44;50;61;32;45;98;40;47;13;27;79
74;49;44;60;98;60;79;88;89;57;47;16;79;32;12;52;13;82;57;30;21;21;94;37;6;71;2;44;9;38;94;69;69;32;96;74;27;56;7;68;33;57;7;34;64;69;43;87;75;24;53;22;14;94;50;10;23;91;63;66;19;25;63;18;96;87;94;99;26;64;45;40;48;98;55;69;76;88;96;12;22;46;80;34;28;15;90;91;46;67;13;1;12;26;6;34;28;57;35;76
98;92;60;68;69;27;77;62;16;81;87;40;44;58;70;70;52;16;37;29;87;64;87;38;85;74;83;96;80;82;83;68;12;64;71;57;12;94;23;13;79;56;87;19;51;1;54;53;97;13;5;47;98;78;23;52;97;51;5;25;48;5;6;32;95;88;13;15;2;74;85;77;22;2;50;8;27;16;69;67;76;38;24;10;12;38;95;12;100;86;38;84;5;32;76;43;3;20;15;61
